-1
16 16
256
211
0 1
0 16
1 17
3 4
3 19
4 5
5 6
5 21
6 7
6 22
7 8
8 9
8 24
9 10
9 25
10 11
10 26
11 27
13 14
14 15
14 30
15 31
16 17
16 32
17 18
17 33
18 19
19 35
21 22
22 38
24 25
24 40
25 26
26 27
26 42
30 31
30 46
32 33
35 51
38 39
38 54
39 40
42 58
51 67
53 54
53 69
54 70
58 59
58 74
59 60
60 61
60 76
65 66
65 81
66 67
67 68
68 69
68 84
69 70
69 85
72 73
73 74
73 89
74 90
76 92
80 81
80 96
81 97
84 85
84 100
85 101
87 103
89 90
92 93
92 108
93 109
96 97
97 113
99 100
99 115
100 101
101 102
102 103
102 118
103 104
103 119
104 120
107 108
107 123
108 109
108 124
109 110
109 125
110 111
113 129
118 119
118 134
119 120
120 121
120 136
121 122
121 137
122 123
122 138
123 124
124 125
124 140
128 129
128 144
129 145
132 148
134 150
136 137
136 152
137 138
137 153
138 154
140 156
144 145
145 146
145 161
146 147
146 162
147 148
148 149
148 164
149 150
149 165
150 166
152 153
152 168
153 154
153 169
154 155
154 170
155 156
155 171
156 172
159 175
161 162
161 177
162 178
164 165
164 180
165 166
165 181
166 182
168 169
169 170
169 185
170 171
170 186
171 172
172 173
173 174
174 175
174 190
177 178
180 181
180 196
181 182
182 183
183 199
185 186
195 196
195 211
196 212
199 200
199 215
208 224
210 211
210 226
211 212
211 227
212 228
214 215
214 230
215 231
218 234
220 221
220 236
221 237
224 225
225 226
225 241
226 227
227 228
227 243
228 229
228 244
229 230
229 245
230 231
230 246
231 232
231 247
232 233
233 234
233 249
234 235
234 250
235 236
236 237
236 252
237 238
238 254
243 244
244 245
245 246
246 247
249 250
12
84 138 5 15
32 18 5 15
178 22 5 15
70 108 5 15
175 68 5 15
237 249 5 15
69 89 5 15
200 134 5 15
250 173 5 15
168 92 5 15
51 123 5 15
185 215 5 15