-1
24 32
768
564
0 1
0 32
1 2
2 3
3 4
4 5
5 6
5 37
6 7
6 38
7 8
8 9
9 10
10 11
11 12
12 13
12 44
13 14
13 45
14 15
15 16
16 17
17 18
18 19
19 20
19 51
20 21
20 52
21 22
22 23
23 24
24 25
25 26
25 57
26 27
26 58
27 28
28 29
29 30
30 31
31 63
32 64
37 38
37 69
38 70
44 45
44 76
45 77
51 52
51 83
52 84
57 58
57 89
58 90
63 95
64 96
69 70
69 101
70 102
76 77
76 108
77 109
83 84
83 115
84 116
89 90
89 121
90 122
95 127
96 97
96 128
97 98
98 99
99 100
100 101
101 102
101 133
102 103
102 134
103 104
104 105
105 106
106 107
107 108
108 109
108 140
109 110
109 141
110 111
111 112
112 113
113 114
114 115
115 116
115 147
116 117
116 148
117 118
118 119
119 120
120 121
121 122
121 153
122 123
122 154
123 124
124 125
125 126
126 127
127 159
128 160
133 134
133 165
134 166
140 141
140 172
141 173
147 148
147 179
148 180
153 154
153 185
154 186
159 191
160 192
165 166
165 197
166 198
172 173
172 204
173 205
179 180
179 211
180 212
185 186
185 217
186 218
191 223
192 224
197 198
197 229
198 230
204 205
204 236
205 237
211 212
211 243
212 244
217 218
217 249
218 250
223 255
224 225
224 256
225 226
226 227
227 228
228 229
229 230
229 261
230 231
230 262
231 232
232 233
233 234
234 235
235 236
236 237
236 268
237 238
237 269
238 239
239 240
240 241
241 242
242 243
243 244
243 275
244 245
244 276
245 246
246 247
247 248
248 249
249 250
249 281
250 251
250 282
251 252
252 253
253 254
254 255
255 287
256 288
261 262
261 293
262 294
268 269
268 300
269 301
275 276
275 307
276 308
281 282
281 313
282 314
287 319
288 320
293 294
293 325
294 326
300 301
300 332
301 333
307 308
307 339
308 340
313 314
313 345
314 346
319 351
320 352
325 326
325 357
326 358
332 333
332 364
333 365
339 340
339 371
340 372
345 346
345 377
346 378
351 383
352 353
352 384
353 354
353 385
354 355
354 386
355 356
355 387
356 357
356 388
357 358
357 389
358 359
358 390
359 360
359 391
360 361
360 392
361 362
361 393
362 363
362 394
363 364
363 395
364 365
364 396
365 366
365 397
366 367
366 398
367 368
367 399
368 369
368 400
369 370
369 401
370 371
370 402
371 372
371 403
372 373
372 404
373 374
373 405
374 375
374 406
375 376
375 407
376 377
376 408
377 378
377 409
378 379
378 410
379 380
379 411
380 381
380 412
381 382
381 413
382 383
382 414
383 415
384 385
384 416
385 386
386 387
387 388
388 389
389 390
389 421
390 391
390 422
391 392
392 393
393 394
394 395
395 396
396 397
396 428
397 398
397 429
398 399
399 400
400 401
401 402
402 403
403 404
403 435
404 405
404 436
405 406
406 407
407 408
408 409
409 410
409 441
410 411
410 442
411 412
412 413
413 414
414 415
415 447
416 448
421 422
421 453
422 454
428 429
428 460
429 461
435 436
435 467
436 468
441 442
441 473
442 474
447 479
448 480
453 454
453 485
454 486
460 461
460 492
461 493
467 468
467 499
468 500
473 474
473 505
474 506
479 511
480 512
485 486
485 517
486 518
492 493
492 524
493 525
499 500
499 531
500 532
505 506
505 537
506 538
511 543
512 513
512 544
513 514
514 515
515 516
516 517
517 518
517 549
518 519
518 550
519 520
520 521
521 522
522 523
523 524
524 525
524 556
525 526
525 557
526 527
527 528
528 529
529 530
530 531
531 532
531 563
532 533
532 564
533 534
534 535
535 536
536 537
537 538
537 569
538 539
538 570
539 540
540 541
541 542
542 543
543 575
544 576
549 550
549 581
550 582
556 557
556 588
557 589
563 564
563 595
564 596
569 570
569 601
570 602
575 607
576 608
581 582
581 613
582 614
588 589
588 620
589 621
595 596
595 627
596 628
601 602
601 633
602 634
607 639
608 640
613 614
613 645
614 646
620 621
620 652
621 653
627 628
627 659
628 660
633 634
633 665
634 666
639 671
640 641
640 672
641 642
642 643
643 644
644 645
645 646
645 677
646 647
646 678
647 648
648 649
649 650
650 651
651 652
652 653
652 684
653 654
653 685
654 655
655 656
656 657
657 658
658 659
659 660
659 691
660 661
660 692
661 662
662 663
663 664
664 665
665 666
665 697
666 667
666 698
667 668
668 669
669 670
670 671
671 703
672 704
677 678
677 709
678 710
684 685
684 716
685 717
691 692
691 723
692 724
697 698
697 729
698 730
703 735
704 736
709 710
709 741
710 742
716 717
716 748
717 749
723 724
723 755
724 756
729 730
729 761
730 762
735 767
736 737
737 738
738 739
739 740
740 741
741 742
742 743
743 744
744 745
745 746
746 747
747 748
748 749
749 750
750 751
751 752
752 753
753 754
754 755
755 756
756 757
757 758
758 759
759 760
760 761
761 762
762 763
763 764
764 765
765 766
766 767
30
128 460 28 53
275 57 22 27
148 736 53 84
763 369 36 49
388 582 11 20
662 160 61 88
255 69 43 63
173 231 10 17
287 366 34 51
767 678 37 60
166 140 14 23
332 70 19 28
473 744 41 53
5 414 62 91
642 108 37 52
301 354 17 26
639 716 33 46
408 357 27 44
307 247 10 15
576 374 41 61
95 454 52 71
520 185 39 53
413 660 29 39
486 351 45 76
765 671 7 14
14 522 33 43
13 276 24 30
376 764 26 34
44 685 35 49
442 677 40 58