-1
32 32
1024
1070
0 1
1 2
2 3
2 34
3 4
3 35
4 5
4 36
5 6
6 7
6 38
7 8
7 39
8 40
11 12
11 43
12 13
12 44
13 14
13 45
14 15
14 46
15 16
15 47
16 17
16 48
17 18
17 49
18 19
18 50
19 20
19 51
20 52
22 23
23 24
24 56
27 28
27 59
28 29
29 30
29 61
30 31
30 62
34 35
34 66
35 36
35 67
36 68
38 39
39 40
40 41
40 72
43 44
44 45
45 46
45 77
46 47
46 78
47 48
48 49
48 80
49 50
49 81
50 51
50 82
51 52
51 83
52 53
52 84
56 57
57 89
59 91
61 62
61 93
62 94
64 65
64 96
65 66
65 97
66 67
67 68
68 69
69 101
72 104
77 78
77 109
78 110
80 81
80 112
81 82
82 83
83 84
83 115
84 116
86 87
86 118
87 119
89 90
89 121
90 91
90 122
91 92
92 93
92 124
93 94
93 125
94 95
94 126
95 127
96 97
96 128
97 129
101 133
103 104
103 135
104 105
104 136
105 137
107 108
107 139
108 109
109 110
109 141
110 111
110 142
111 112
111 143
112 144
115 116
115 147
116 117
116 148
117 118
118 119
118 150
119 120
119 151
120 121
120 152
121 122
122 154
124 125
124 156
125 126
125 157
126 127
126 158
127 159
128 129
128 160
129 130
129 161
130 131
130 162
131 132
131 163
132 133
132 164
133 134
134 135
134 166
135 136
136 137
136 168
137 138
137 169
138 139
138 170
139 171
141 142
142 143
143 144
144 145
144 176
147 148
147 179
148 180
150 151
151 152
152 184
154 155
154 186
155 156
155 187
156 157
156 188
157 158
157 189
158 159
159 191
160 161
160 192
161 162
162 163
163 164
164 196
168 169
169 170
170 171
170 202
171 172
171 203
172 204
176 208
179 180
179 211
180 181
180 212
181 213
184 185
184 216
185 186
185 217
186 187
186 218
187 188
187 219
188 189
188 220
191 223
196 197
196 228
202 203
202 234
203 204
204 236
208 240
210 211
210 242
211 212
211 243
212 213
213 214
213 245
214 215
215 216
215 247
216 217
217 218
217 249
218 219
218 250
219 220
219 251
222 223
222 254
223 255
225 226
228 260
230 262
232 233
233 234
233 265
239 240
239 271
240 272
242 243
242 274
243 275
249 250
249 281
250 251
250 282
251 283
254 255
255 287
256 288
260 261
260 292
261 262
261 293
262 263
262 294
263 295
265 297
269 301
271 272
271 303
272 273
272 304
273 274
273 305
274 275
275 276
275 307
276 308
280 281
280 312
281 282
281 313
282 283
282 314
283 284
283 315
284 285
284 316
285 317
288 320
291 292
291 323
292 293
293 294
294 295
295 327
297 329
300 301
301 302
301 333
302 303
302 334
303 304
303 335
304 305
304 336
307 308
308 340
310 311
310 342
311 312
311 343
312 313
312 344
313 314
313 345
314 315
314 346
315 316
315 347
316 317
316 348
317 349
320 352
322 323
322 354
323 355
327 359
329 330
329 361
330 331
330 362
331 363
333 334
334 335
334 366
335 336
335 367
336 368
340 341
340 372
341 342
342 343
342 374
343 344
344 345
344 376
345 346
345 377
346 347
346 378
347 348
347 379
348 349
348 380
349 350
349 381
350 351
350 382
351 383
352 353
352 384
353 354
353 385
354 355
355 356
355 387
356 388
358 359
358 390
359 360
360 361
360 392
361 362
361 393
362 363
362 394
363 364
363 395
364 396
366 367
366 398
367 368
368 369
368 400
369 401
371 372
371 403
372 404
374 406
376 377
376 408
377 378
378 379
378 410
379 380
379 411
380 381
380 412
381 382
381 413
382 383
382 414
383 415
384 385
385 417
387 388
387 419
388 389
388 420
389 390
389 421
390 422
392 393
392 424
393 394
393 425
394 395
394 426
395 396
396 397
397 398
397 429
398 430
400 401
400 432
401 402
402 403
402 434
403 404
403 435
404 405
405 406
405 437
406 407
406 438
407 408
410 411
410 442
411 412
411 443
412 413
412 444
413 414
413 445
414 415
414 446
415 447
417 418
417 449
418 419
418 450
419 420
419 451
420 421
420 452
421 422
421 453
422 454
424 425
424 456
425 426
425 457
429 430
429 461
430 462
432 464
434 435
434 466
437 438
437 469
438 470
441 442
441 473
442 443
442 474
443 444
443 475
444 445
445 446
446 447
446 478
447 479
448 449
448 480
449 450
449 481
450 451
450 482
451 452
451 483
452 453
452 484
453 454
453 485
454 455
455 456
456 457
456 488
459 460
459 491
460 461
460 492
461 462
461 493
462 463
462 494
463 464
463 495
464 496
466 498
468 469
469 470
469 501
470 471
471 472
471 503
472 473
472 504
473 474
474 475
474 506
478 479
478 510
479 511
480 481
480 512
481 482
481 513
482 483
482 514
483 484
483 515
484 485
484 516
485 517
488 520
491 492
491 523
492 493
492 524
493 494
493 525
494 495
494 526
495 496
495 527
498 499
498 530
501 533
503 504
503 535
506 538
510 511
510 542
511 543
512 513
512 544
513 514
513 545
514 515
515 516
516 517
517 549
520 521
521 522
522 523
522 554
523 524
523 555
524 525
525 526
525 557
526 527
527 559
529 530
529 561
530 562
532 533
532 564
533 534
533 565
534 535
534 566
535 567
537 538
537 569
538 570
540 541
541 542
541 573
542 543
542 574
543 575
544 545
544 576
545 577
551 583
554 555
555 587
561 562
562 594
564 565
565 566
565 597
566 567
566 598
569 570
569 601
573 574
574 575
574 606
575 607
576 577
576 608
577 578
577 609
578 610
580 612
582 583
582 614
583 584
583 615
584 585
584 616
585 617
587 619
590 622
592 624
594 595
594 626
595 627
597 598
597 629
600 601
601 633
606 607
608 609
608 640
609 610
609 641
610 611
610 642
611 612
611 643
612 613
613 614
613 645
614 615
614 646
615 616
615 647
616 617
616 648
619 620
619 651
620 621
620 652
621 622
621 653
622 623
622 654
623 624
623 655
624 656
626 627
626 658
627 628
627 659
628 629
628 660
629 661
631 663
633 665
636 668
640 641
640 672
641 642
641 673
642 643
642 674
643 675
645 646
646 647
646 678
647 648
647 679
648 680
650 651
650 682
651 652
651 683
652 653
652 684
653 654
653 685
654 655
655 656
655 687
656 688
658 659
659 660
659 691
660 661
661 662
662 663
662 694
663 664
664 665
664 696
665 666
665 697
666 698
668 700
672 673
672 704
673 674
673 705
674 675
674 706
675 676
675 707
676 708
678 679
678 710
679 680
680 681
680 712
681 682
682 683
682 714
683 684
683 715
684 685
684 716
687 688
687 719
696 697
696 728
697 698
697 729
698 699
698 730
699 700
700 701
700 732
701 733
703 735
704 705
705 706
705 737
706 707
706 738
707 708
707 739
708 740
710 742
712 744
714 715
715 716
715 747
716 748
718 719
718 750
721 722
721 753
722 754
724 725
724 756
725 757
728 729
728 760
729 730
729 761
730 762
732 733
732 764
733 734
734 735
734 766
735 767
737 738
737 769
738 739
738 770
739 740
739 771
740 741
741 742
744 745
744 776
747 748
747 779
748 749
748 780
749 750
752 753
753 754
753 785
754 755
754 786
755 756
756 757
756 788
757 758
757 789
758 790
760 761
760 792
761 762
761 793
762 763
762 794
763 764
763 795
764 796
766 767
766 798
767 799
768 769
769 770
770 771
770 802
771 803
776 808
778 779
779 780
780 812
783 815
785 786
785 817
788 789
789 790
790 791
790 822
791 792
792 793
792 824
793 794
793 825
794 795
794 826
795 796
795 827
796 797
797 798
798 799
798 830
799 831
802 803
802 834
803 804
803 835
804 805
804 836
805 806
805 837
808 809
808 840
809 841
812 813
812 844
813 845
815 847
817 849
819 851
824 825
824 856
825 826
825 857
826 827
826 858
827 859
830 831
831 863
832 833
832 864
833 834
833 865
834 835
834 866
835 836
836 837
836 868
839 840
840 841
841 842
841 873
842 874
844 845
844 876
845 846
846 847
847 848
848 849
848 880
849 850
849 881
850 851
850 882
855 856
855 887
856 857
856 888
857 858
857 889
858 859
858 890
859 860
859 891
860 861
861 893
864 865
864 896
865 866
865 897
866 898
870 902
873 874
873 905
874 906
876 908
880 881
880 912
881 882
881 913
882 914
887 888
887 919
888 889
888 920
889 890
889 921
890 891
890 922
891 923
893 894
894 926
896 897
896 928
897 898
897 929
898 899
898 930
899 931
901 902
901 933
902 903
902 934
905 906
905 937
906 907
907 908
907 939
908 909
908 940
909 910
909 941
912 913
913 914
913 945
916 917
917 918
917 949
918 919
918 950
919 920
919 951
920 921
920 952
921 922
921 953
922 923
922 954
926 927
926 958
927 959
928 929
929 930
929 961
930 931
930 962
931 963
933 934
933 965
937 969
939 940
940 941
940 972
941 973
945 977
947 979
949 950
950 951
951 952
952 953
952 984
953 954
953 985
954 986
956 957
956 988
957 958
958 959
959 991
961 962
961 993
962 963
962 994
963 964
963 995
964 965
964 996
965 997
967 968
967 999
968 969
968 1000
969 1001
972 973
972 1004
973 974
973 1005
974 1006
976 977
976 1008
977 978
977 1009
978 979
978 1010
979 980
984 985
984 1016
985 986
985 1017
986 987
986 1018
987 988
988 1020
992 993
993 994
994 995
995 996
996 997
997 998
998 999
999 1000
1000 1001
1001 1002
1002 1003
1003 1004
1004 1005
1005 1006
1006 1007
1007 1008
1008 1009
1009 1010
1015 1016
1016 1017
1017 1018
1020 1021
1021 1022
12
335 660 15 32
448 694 15 32
454 215 15 32
616 737 15 32
471 619 15 32
1 722 15 32
574 557 15 32
841 767 15 32
128 652 15 32
617 271 15 32
86 109 15 32
993 397 15 32