-1
64 64
4096
2124
98 99
98 162
99 163
160 161
160 224
161 162
162 163
162 226
163 164
163 227
164 165
164 228
165 229
224 288
226 227
226 290
227 228
227 291
228 229
228 292
229 293
287 288
287 351
288 352
290 291
290 354
291 292
291 355
292 293
292 356
293 294
293 357
294 358
351 352
351 415
352 416
354 355
354 418
355 356
355 419
356 357
356 420
357 358
357 421
358 422
415 416
415 479
416 417
416 480
417 418
418 419
419 420
419 483
420 421
420 484
421 422
421 485
422 486
433 434
433 497
434 435
434 498
435 436
435 499
436 437
436 500
437 438
437 501
438 439
438 502
439 503
473 474
473 537
474 475
474 538
475 476
475 539
476 477
476 540
477 478
477 541
478 479
478 542
479 480
479 543
480 544
483 484
483 547
484 485
484 548
485 486
485 549
486 487
486 550
487 488
487 551
488 489
488 552
489 490
489 553
490 491
490 554
491 492
491 555
492 556
497 498
497 561
498 499
498 562
499 500
499 563
500 501
500 564
501 502
501 565
502 503
502 566
503 567
537 538
537 601
538 539
539 540
539 603
540 541
540 604
541 542
542 543
542 606
543 544
543 607
544 608
546 547
546 610
547 548
547 611
548 549
548 612
549 550
549 613
550 551
550 614
551 552
551 615
552 553
552 616
553 554
553 617
554 555
554 618
555 556
555 619
556 620
561 562
561 625
562 563
562 626
563 564
563 627
564 565
564 628
565 566
565 629
566 567
566 630
567 631
601 665
603 604
603 667
606 607
606 670
607 608
607 671
608 609
608 672
609 610
609 673
610 611
610 674
611 612
611 675
612 613
612 676
613 614
613 677
614 615
614 678
615 616
615 679
616 617
616 680
617 618
617 681
618 619
618 682
619 620
619 683
620 684
625 626
626 627
627 628
627 691
628 629
628 692
629 630
629 693
630 631
665 666
665 729
666 667
666 730
667 731
669 670
669 733
670 671
670 734
671 672
671 735
672 673
672 736
673 674
673 737
674 675
675 676
676 677
676 740
677 678
677 741
678 679
678 742
679 680
679 743
680 681
680 744
681 682
681 745
682 683
682 746
683 684
683 747
684 748
691 692
691 755
692 693
692 756
693 757
713 714
713 777
714 715
714 778
715 716
715 779
716 717
716 780
717 718
717 781
718 719
718 782
719 720
719 783
720 721
720 784
721 722
721 785
722 723
722 786
723 724
723 787
724 725
724 788
725 726
725 789
726 727
726 790
727 728
727 791
728 729
728 792
729 730
729 793
730 731
731 732
731 795
732 733
732 796
733 734
734 735
734 798
735 736
735 799
736 737
736 800
740 741
741 742
741 805
742 743
742 806
743 744
743 807
744 745
744 808
745 746
745 809
746 747
746 810
747 748
747 811
748 812
753 754
753 817
754 755
754 818
755 756
755 819
756 757
756 820
757 758
757 821
758 759
758 822
759 823
777 778
777 841
778 779
778 842
779 780
779 843
780 781
780 844
781 782
781 845
782 783
782 846
783 784
783 847
784 785
784 848
785 786
785 849
786 787
786 850
787 788
787 851
788 789
789 790
790 791
791 792
792 793
793 857
795 796
795 859
796 860
798 799
799 800
799 863
800 864
805 806
805 869
806 807
806 870
807 808
807 871
808 809
808 872
809 810
809 873
810 811
810 874
811 812
811 875
812 813
812 876
813 814
813 877
814 815
814 878
815 816
815 879
816 817
816 880
817 818
817 881
818 819
818 882
819 820
819 883
820 821
820 884
821 822
821 885
822 823
822 886
823 887
841 842
841 905
842 843
842 906
843 844
844 845
845 846
846 847
847 848
848 849
848 912
849 850
849 913
850 851
850 914
857 858
857 921
858 859
858 922
859 860
859 923
860 861
860 924
861 925
863 864
864 865
864 928
865 929
868 869
868 932
869 870
869 933
870 871
870 934
871 872
871 935
872 873
872 936
873 874
873 937
874 875
874 938
875 876
875 939
876 877
876 940
877 878
878 879
879 880
880 881
881 882
881 945
882 883
882 946
883 884
883 947
884 885
884 948
885 886
885 949
886 887
886 950
887 951
905 906
905 969
906 970
912 913
912 976
913 914
913 977
914 978
921 922
921 985
922 923
922 986
923 924
923 987
924 925
924 988
925 926
925 989
926 990
928 929
928 992
929 930
929 993
930 931
930 994
931 932
931 995
932 933
932 996
933 934
933 997
934 935
934 998
935 936
935 999
936 937
936 1000
937 938
937 1001
938 939
938 1002
939 940
939 1003
940 1004
945 946
945 1009
946 947
946 1010
947 948
947 1011
948 949
948 1012
949 950
949 1013
950 951
950 1014
951 1015
969 970
969 1033
970 1034
976 977
977 978
977 1041
978 979
978 1042
979 1043
985 986
985 1049
986 987
986 1050
987 988
987 1051
988 989
988 1052
989 990
989 1053
990 991
990 1054
991 992
991 1055
992 993
992 1056
993 994
994 995
995 996
995 1059
996 997
996 1060
997 998
997 1061
998 999
998 1062
999 1000
999 1063
1000 1001
1000 1064
1001 1002
1001 1065
1002 1003
1002 1066
1003 1004
1003 1067
1004 1068
1009 1010
1010 1011
1011 1012
1011 1075
1012 1013
1012 1076
1013 1014
1013 1077
1014 1015
1033 1034
1033 1097
1034 1098
1041 1042
1041 1105
1042 1043
1042 1106
1043 1107
1049 1050
1049 1113
1050 1051
1050 1114
1051 1052
1051 1115
1052 1053
1052 1116
1053 1054
1053 1117
1054 1055
1054 1118
1055 1056
1055 1119
1056 1120
1059 1060
1059 1123
1060 1061
1060 1124
1061 1062
1061 1125
1062 1063
1062 1126
1063 1064
1063 1127
1064 1065
1064 1128
1065 1066
1065 1129
1066 1067
1066 1130
1067 1068
1067 1131
1068 1132
1075 1076
1075 1139
1076 1077
1076 1140
1077 1141
1097 1098
1097 1161
1098 1162
1104 1105
1104 1168
1105 1106
1105 1169
1106 1107
1106 1170
1107 1171
1113 1114
1114 1115
1115 1116
1116 1117
1117 1118
1118 1119
1119 1120
1119 1183
1120 1121
1120 1184
1121 1122
1121 1185
1122 1123
1122 1186
1123 1124
1123 1187
1124 1125
1124 1188
1125 1126
1125 1189
1126 1127
1126 1190
1127 1128
1128 1129
1129 1130
1130 1131
1131 1132
1137 1138
1137 1201
1138 1139
1138 1202
1139 1140
1139 1203
1140 1141
1140 1204
1141 1142
1141 1205
1142 1143
1142 1206
1143 1207
1161 1162
1162 1163
1163 1164
1164 1165
1165 1166
1166 1167
1167 1168
1168 1169
1169 1170
1170 1171
1183 1184
1183 1247
1184 1185
1184 1248
1185 1186
1185 1249
1186 1187
1186 1250
1187 1188
1187 1251
1188 1189
1188 1252
1189 1190
1189 1253
1190 1254
1201 1202
1201 1265
1202 1203
1202 1266
1203 1204
1203 1267
1204 1205
1204 1268
1205 1206
1205 1269
1206 1207
1206 1270
1207 1271
1247 1248
1247 1311
1248 1249
1248 1312
1249 1250
1249 1313
1250 1251
1250 1314
1251 1252
1251 1315
1252 1253
1252 1316
1253 1254
1253 1317
1254 1318
1265 1266
1266 1267
1267 1268
1268 1269
1269 1270
1270 1271
1311 1312
1311 1375
1312 1313
1312 1376
1313 1314
1313 1377
1314 1315
1314 1378
1315 1316
1315 1379
1316 1317
1316 1380
1317 1318
1317 1381
1318 1382
1375 1376
1375 1439
1376 1377
1376 1440
1377 1378
1377 1441
1378 1379
1378 1442
1379 1380
1379 1443
1380 1381
1380 1444
1381 1382
1381 1445
1382 1446
1421 1422
1421 1485
1422 1423
1422 1486
1423 1424
1423 1487
1424 1425
1424 1488
1425 1489
1439 1440
1439 1503
1440 1441
1440 1504
1441 1442
1441 1505
1442 1443
1442 1506
1443 1444
1443 1507
1444 1445
1444 1508
1445 1446
1445 1509
1446 1510
1485 1486
1486 1487
1487 1488
1488 1489
1488 1552
1489 1553
1503 1504
1504 1505
1504 1568
1505 1506
1505 1569
1506 1507
1506 1570
1507 1508
1507 1571
1508 1509
1508 1572
1509 1510
1509 1573
1552 1553
1552 1616
1553 1617
1568 1569
1569 1570
1570 1571
1570 1634
1571 1572
1571 1635
1572 1573
1616 1617
1616 1680
1617 1681
1634 1635
1634 1698
1635 1699
1680 1681
1680 1744
1681 1745
1698 1699
1698 1762
1699 1763
1729 1730
1729 1793
1730 1731
1730 1794
1731 1732
1731 1795
1732 1796
1734 1735
1734 1798
1735 1736
1735 1799
1736 1737
1736 1800
1737 1801
1739 1740
1739 1803
1740 1804
1744 1745
1744 1808
1745 1746
1745 1809
1746 1747
1746 1810
1747 1748
1747 1811
1748 1749
1748 1812
1749 1750
1749 1813
1750 1751
1750 1814
1751 1752
1751 1815
1752 1753
1752 1816
1753 1754
1753 1817
1754 1755
1754 1818
1755 1756
1755 1819
1756 1757
1756 1820
1757 1758
1757 1821
1758 1759
1758 1822
1759 1760
1759 1823
1760 1761
1760 1824
1761 1762
1761 1825
1762 1763
1762 1826
1763 1827
1793 1794
1794 1795
1794 1858
1795 1796
1795 1859
1796 1797
1797 1798
1797 1861
1798 1799
1799 1800
1800 1801
1801 1802
1801 1865
1802 1803
1802 1866
1803 1804
1803 1867
1804 1805
1804 1868
1805 1806
1806 1807
1807 1808
1808 1809
1808 1872
1809 1810
1809 1873
1810 1811
1811 1812
1812 1813
1813 1814
1814 1815
1815 1816
1816 1817
1816 1880
1817 1818
1817 1881
1818 1819
1819 1820
1820 1821
1821 1822
1822 1823
1823 1824
1824 1825
1825 1826
1826 1827
1826 1890
1827 1828
1827 1891
1828 1829
1858 1859
1865 1866
1866 1867
1866 1930
1867 1868
1872 1873
1872 1936
1873 1937
1880 1881
1880 1944
1881 1945
1890 1891
1890 1954
1891 1955
1936 1937
1936 2000
1937 2001
1944 1945
1944 2008
1945 2009
1954 1955
1954 2018
1955 2019
2000 2001
2000 2064
2001 2065
2008 2009
2008 2072
2009 2073
2018 2019
2018 2082
2019 2020
2019 2083
2020 2021
2020 2084
2021 2022
2021 2085
2022 2023
2022 2086
2023 2024
2023 2087
2024 2025
2024 2088
2025 2026
2025 2089
2026 2027
2026 2090
2027 2028
2027 2091
2028 2029
2028 2092
2029 2030
2029 2093
2030 2094
2061 2062
2061 2125
2062 2063
2062 2126
2063 2064
2063 2127
2064 2065
2064 2128
2065 2129
2072 2073
2072 2136
2073 2137
2082 2083
2083 2084
2084 2085
2085 2086
2086 2087
2087 2088
2088 2089
2089 2090
2090 2091
2091 2092
2091 2155
2092 2093
2092 2156
2093 2094
2093 2157
2094 2158
2125 2126
2126 2127
2127 2128
2128 2129
2136 2137
2136 2200
2137 2201
2155 2156
2155 2219
2156 2157
2156 2220
2157 2158
2157 2221
2158 2222
2200 2201
2200 2264
2201 2265
2219 2220
2219 2283
2220 2221
2220 2284
2221 2222
2221 2285
2222 2286
2264 2265
2264 2328
2265 2329
2283 2284
2283 2347
2284 2285
2284 2348
2285 2286
2285 2349
2286 2350
2323 2324
2323 2387
2324 2325
2324 2388
2325 2326
2325 2389
2326 2327
2326 2390
2327 2328
2327 2391
2328 2329
2328 2392
2329 2330
2329 2393
2330 2331
2330 2394
2331 2332
2331 2395
2332 2396
2341 2342
2341 2405
2342 2343
2342 2406
2343 2407
2345 2346
2346 2347
2346 2410
2347 2348
2347 2411
2348 2349
2348 2412
2349 2350
2349 2413
2350 2351
2350 2414
2351 2352
2351 2415
2352 2353
2352 2416
2353 2354
2353 2417
2354 2355
2354 2418
2355 2356
2355 2419
2356 2420
2387 2388
2387 2451
2388 2389
2388 2452
2389 2390
2389 2453
2390 2391
2390 2454
2391 2392
2391 2455
2392 2393
2392 2456
2393 2394
2393 2457
2394 2395
2394 2458
2395 2396
2395 2459
2396 2460
2405 2406
2405 2469
2406 2407
2406 2470
2407 2408
2407 2471
2408 2472
2410 2411
2410 2474
2411 2412
2411 2475
2412 2413
2412 2476
2413 2414
2413 2477
2414 2415
2414 2478
2415 2416
2415 2479
2416 2417
2416 2480
2417 2418
2417 2481
2418 2419
2418 2482
2419 2420
2419 2483
2420 2484
2445 2446
2445 2509
2446 2447
2446 2510
2447 2448
2447 2511
2448 2449
2448 2512
2449 2513
2451 2452
2451 2515
2452 2453
2452 2516
2453 2454
2453 2517
2454 2455
2454 2518
2455 2456
2455 2519
2456 2457
2456 2520
2457 2458
2457 2521
2458 2459
2458 2522
2459 2460
2459 2523
2460 2461
2460 2524
2461 2462
2461 2525
2462 2463
2462 2526
2463 2527
2469 2470
2469 2533
2470 2471
2470 2534
2471 2472
2471 2535
2472 2473
2472 2536
2473 2474
2473 2537
2474 2475
2474 2538
2475 2476
2475 2539
2476 2477
2476 2540
2477 2478
2477 2541
2478 2479
2478 2542
2479 2480
2479 2543
2480 2481
2480 2544
2481 2482
2481 2545
2482 2483
2482 2546
2483 2484
2483 2547
2484 2548
2509 2510
2509 2573
2510 2511
2510 2574
2511 2512
2511 2575
2512 2513
2512 2576
2513 2577
2515 2516
2515 2579
2516 2517
2516 2580
2517 2518
2517 2581
2518 2519
2518 2582
2519 2520
2519 2583
2520 2521
2520 2584
2521 2522
2521 2585
2522 2523
2522 2586
2523 2524
2523 2587
2524 2525
2524 2588
2525 2526
2525 2589
2526 2527
2526 2590
2527 2591
2533 2534
2533 2597
2534 2535
2534 2598
2535 2536
2535 2599
2536 2537
2536 2600
2537 2538
2537 2601
2538 2539
2538 2602
2539 2540
2539 2603
2540 2541
2540 2604
2541 2542
2541 2605
2542 2543
2542 2606
2543 2544
2543 2607
2544 2545
2544 2608
2545 2546
2545 2609
2546 2547
2546 2610
2547 2548
2547 2611
2548 2612
2573 2574
2573 2637
2574 2575
2574 2638
2575 2576
2575 2639
2576 2577
2576 2640
2577 2578
2577 2641
2578 2579
2578 2642
2579 2580
2579 2643
2580 2581
2580 2644
2581 2582
2581 2645
2582 2583
2582 2646
2583 2584
2583 2647
2584 2585
2584 2648
2585 2586
2585 2649
2586 2587
2586 2650
2587 2588
2587 2651
2588 2589
2588 2652
2589 2590
2589 2653
2590 2591
2590 2654
2591 2655
2597 2598
2597 2661
2598 2599
2598 2662
2599 2600
2599 2663
2600 2601
2600 2664
2601 2602
2601 2665
2602 2603
2602 2666
2603 2604
2603 2667
2604 2605
2604 2668
2605 2606
2605 2669
2606 2607
2606 2670
2607 2608
2607 2671
2608 2609
2608 2672
2609 2610
2609 2673
2610 2611
2610 2674
2611 2612
2611 2675
2612 2676
2637 2638
2638 2639
2639 2640
2640 2641
2641 2642
2642 2643
2643 2644
2643 2707
2644 2645
2644 2708
2645 2646
2645 2709
2646 2647
2646 2710
2647 2648
2647 2711
2648 2649
2648 2712
2649 2650
2649 2713
2650 2651
2650 2714
2651 2652
2651 2715
2652 2653
2652 2716
2653 2654
2654 2655
2661 2662
2661 2725
2662 2663
2662 2726
2663 2664
2663 2727
2664 2665
2664 2728
2665 2666
2665 2729
2666 2667
2666 2730
2667 2668
2667 2731
2668 2669
2668 2732
2669 2670
2669 2733
2670 2671
2670 2734
2671 2672
2671 2735
2672 2673
2672 2736
2673 2674
2673 2737
2674 2675
2674 2738
2675 2676
2675 2739
2676 2740
2707 2708
2707 2771
2708 2709
2708 2772
2709 2710
2709 2773
2710 2711
2710 2774
2711 2712
2711 2775
2712 2713
2712 2776
2713 2714
2713 2777
2714 2715
2714 2778
2715 2716
2715 2779
2716 2780
2725 2726
2725 2789
2726 2727
2726 2790
2727 2728
2727 2791
2728 2729
2728 2792
2729 2730
2730 2731
2730 2794
2731 2732
2731 2795
2732 2733
2732 2796
2733 2734
2733 2797
2734 2735
2734 2798
2735 2736
2735 2799
2736 2737
2736 2800
2737 2738
2737 2801
2738 2739
2738 2802
2739 2740
2739 2803
2740 2804
2771 2772
2772 2773
2773 2774
2774 2775
2775 2776
2776 2777
2776 2840
2777 2778
2777 2841
2778 2779
2779 2780
2789 2790
2790 2791
2791 2792
2794 2795
2795 2796
2795 2859
2796 2797
2796 2860
2797 2798
2797 2861
2798 2799
2798 2862
2799 2800
2800 2801
2801 2802
2802 2803
2803 2804
2840 2841
2840 2904
2841 2905
2859 2860
2859 2923
2860 2861
2860 2924
2861 2862
2861 2925
2862 2926
2874 2875
2874 2938
2875 2876
2875 2939
2876 2877
2876 2940
2877 2878
2877 2941
2878 2879
2878 2942
2879 2943
2904 2905
2904 2968
2905 2969
2923 2924
2923 2987
2924 2925
2924 2988
2925 2926
2925 2989
2926 2990
2938 2939
2938 3002
2939 2940
2939 3003
2940 2941
2940 3004
2941 2942
2941 3005
2942 2943
2942 3006
2943 3007
2968 2969
2968 3032
2969 3033
2987 2988
2987 3051
2988 2989
2988 3052
2989 2990
2989 3053
2990 3054
3002 3003
3002 3066
3003 3004
3003 3067
3004 3005
3004 3068
3005 3006
3005 3069
3006 3007
3006 3070
3007 3071
3032 3033
3032 3096
3033 3097
3043 3044
3043 3107
3044 3045
3044 3108
3045 3046
3045 3109
3046 3047
3046 3110
3047 3048
3047 3111
3048 3049
3048 3112
3049 3050
3049 3113
3050 3051
3050 3114
3051 3052
3051 3115
3052 3053
3052 3116
3053 3054
3053 3117
3054 3055
3054 3118
3055 3056
3055 3119
3056 3057
3056 3120
3057 3058
3057 3121
3058 3059
3058 3122
3059 3060
3059 3123
3060 3061
3060 3124
3061 3062
3061 3125
3062 3063
3062 3126
3063 3064
3063 3127
3064 3065
3064 3128
3065 3066
3065 3129
3066 3067
3066 3130
3067 3068
3067 3131
3068 3069
3068 3132
3069 3070
3069 3133
3070 3071
3070 3134
3071 3135
3096 3097
3096 3160
3097 3161
3107 3108
3107 3171
3108 3109
3108 3172
3109 3110
3110 3111
3111 3112
3112 3113
3113 3114
3114 3115
3115 3116
3115 3179
3116 3117
3116 3180
3117 3118
3117 3181
3118 3119
3118 3182
3119 3120
3120 3121
3121 3122
3122 3123
3123 3124
3124 3125
3125 3126
3126 3127
3127 3128
3128 3129
3129 3130
3130 3131
3130 3194
3131 3132
3131 3195
3132 3133
3132 3196
3133 3134
3133 3197
3134 3135
3134 3198
3135 3199
3160 3161
3160 3224
3161 3225
3171 3172
3171 3235
3172 3236
3179 3180
3179 3243
3180 3181
3180 3244
3181 3182
3181 3245
3182 3246
3194 3195
3195 3196
3196 3197
3197 3198
3198 3199
3224 3225
3224 3288
3225 3289
3235 3236
3235 3299
3236 3300
3243 3244
3243 3307
3244 3245
3244 3308
3245 3246
3245 3309
3246 3310
3288 3289
3288 3352
3289 3353
3292 3293
3292 3356
3293 3294
3293 3357
3294 3295
3294 3358
3295 3296
3295 3359
3296 3297
3296 3360
3297 3361
3299 3300
3299 3363
3300 3364
3307 3308
3307 3371
3308 3309
3308 3372
3309 3310
3309 3373
3310 3374
3352 3353
3352 3416
3353 3417
3356 3357
3356 3420
3357 3358
3357 3421
3358 3359
3358 3422
3359 3360
3359 3423
3360 3361
3360 3424
3361 3425
3363 3364
3363 3427
3364 3428
3371 3372
3372 3373
3372 3436
3373 3374
3373 3437
3416 3417
3416 3480
3417 3481
3420 3421
3420 3484
3421 3422
3421 3485
3422 3423
3422 3486
3423 3424
3423 3487
3424 3425
3424 3488
3425 3489
3427 3428
3427 3491
3428 3492
3436 3437
3436 3500
3437 3501
3480 3481
3480 3544
3481 3545
3484 3485
3484 3548
3485 3486
3485 3549
3486 3487
3486 3550
3487 3488
3488 3489
3491 3492
3491 3555
3492 3556
3495 3496
3495 3559
3496 3497
3496 3560
3497 3498
3497 3561
3498 3499
3498 3562
3499 3500
3499 3563
3500 3501
3500 3564
3501 3502
3501 3565
3502 3566
3523 3524
3523 3587
3524 3525
3524 3588
3525 3526
3525 3589
3526 3527
3526 3590
3527 3528
3528 3529
3529 3530
3530 3531
3531 3532
3532 3533
3532 3596
3533 3597
3544 3545
3544 3608
3545 3609
3548 3549
3548 3612
3549 3550
3549 3613
3550 3614
3555 3556
3555 3619
3556 3620
3559 3560
3559 3623
3560 3561
3560 3624
3561 3562
3561 3625
3562 3563
3562 3626
3563 3564
3563 3627
3564 3565
3564 3628
3565 3566
3565 3629
3566 3630
3586 3587
3586 3650
3587 3588
3587 3651
3588 3589
3588 3652
3589 3590
3589 3653
3596 3597
3597 3661
3608 3609
3608 3672
3609 3673
3612 3613
3612 3676
3613 3614
3613 3677
3614 3678
3619 3620
3619 3683
3620 3684
3623 3624
3623 3687
3624 3625
3624 3688
3625 3626
3625 3689
3626 3627
3626 3690
3627 3628
3627 3691
3628 3629
3628 3692
3629 3630
3629 3693
3630 3694
3649 3650
3649 3713
3650 3651
3650 3714
3651 3652
3651 3715
3652 3653
3652 3716
3653 3717
3655 3719
3657 3658
3657 3721
3658 3722
3661 3662
3661 3725
3662 3726
3665 3666
3665 3729
3666 3667
3666 3730
3667 3668
3667 3731
3668 3669
3668 3732
3669 3733
3672 3673
3672 3736
3673 3737
3676 3677
3676 3740
3677 3678
3677 3741
3678 3742
3683 3684
3683 3747
3684 3748
3687 3688
3687 3751
3688 3689
3688 3752
3689 3690
3689 3753
3690 3691
3690 3754
3691 3692
3691 3755
3692 3693
3692 3756
3693 3694
3693 3757
3694 3758
3712 3713
3712 3776
3713 3714
3713 3777
3714 3715
3714 3778
3715 3716
3715 3779
3716 3717
3716 3780
3717 3718
3717 3781
3718 3719
3718 3782
3719 3720
3719 3783
3720 3721
3720 3784
3721 3722
3721 3785
3722 3723
3722 3786
3723 3787
3725 3726
3725 3789
3726 3727
3726 3790
3727 3728
3727 3791
3728 3729
3728 3792
3729 3730
3729 3793
3730 3731
3730 3794
3731 3732
3731 3795
3732 3733
3732 3796
3733 3734
3733 3797
3734 3735
3734 3798
3735 3736
3735 3799
3736 3737
3736 3800
3737 3738
3737 3801
3738 3739
3738 3802
3739 3740
3739 3803
3740 3741
3740 3804
3741 3742
3741 3805
3742 3743
3742 3806
3743 3744
3743 3807
3744 3745
3744 3808
3745 3746
3745 3809
3746 3747
3746 3810
3747 3748
3747 3811
3748 3812
3751 3752
3751 3815
3752 3753
3752 3816
3753 3754
3753 3817
3754 3755
3754 3818
3755 3756
3755 3819
3756 3757
3756 3820
3757 3758
3757 3821
3758 3822
3776 3777
3776 3840
3777 3778
3777 3841
3778 3779
3778 3842
3779 3780
3779 3843
3780 3781
3780 3844
3781 3782
3781 3845
3782 3783
3782 3846
3783 3784
3783 3847
3784 3785
3784 3848
3785 3786
3785 3849
3786 3787
3786 3850
3787 3851
3789 3790
3789 3853
3790 3791
3790 3854
3791 3792
3791 3855
3792 3793
3792 3856
3793 3794
3793 3857
3794 3795
3794 3858
3795 3796
3795 3859
3796 3797
3796 3860
3797 3798
3797 3861
3798 3799
3799 3800
3800 3801
3801 3802
3802 3803
3803 3804
3804 3805
3804 3868
3805 3806
3805 3869
3806 3807
3806 3870
3807 3808
3808 3809
3809 3810
3810 3811
3811 3812
3815 3816
3816 3817
3817 3818
3818 3819
3819 3820
3820 3821
3821 3822
3840 3841
3841 3842
3841 3905
3842 3843
3842 3906
3843 3844
3843 3907
3844 3845
3844 3908
3845 3846
3845 3909
3846 3847
3847 3848
3847 3911
3848 3849
3849 3850
3849 3913
3850 3851
3850 3914
3853 3854
3853 3917
3854 3855
3854 3918
3855 3856
3856 3857
3857 3858
3857 3921
3858 3859
3858 3922
3859 3860
3859 3923
3860 3861
3860 3924
3861 3925
3868 3869
3868 3932
3869 3870
3869 3933
3870 3934
3905 3906
3906 3907
3906 3970
3907 3908
3907 3971
3908 3909
3908 3972
3909 3973
3913 3914
3917 3918
3917 3981
3921 3922
3922 3923
3923 3924
3924 3925
3932 3933
3932 3996
3933 3934
3933 3997
3934 3998
3970 3971
3971 3972
3971 4035
3972 3973
3972 4036
3973 3974
3973 4037
3974 4038
3980 3981
3980 4044
3981 4045
3996 3997
3996 4060
3997 3998
3997 4061
3998 4062
4035 4036
4036 4037
4037 4038
4038 4039
4039 4040
4040 4041
4041 4042
4042 4043
4043 4044
4044 4045
4060 4061
4061 4062
30
3125 3694 18 37
2351 2583 44 89
3859 987 67 135
1881 728 37 75
2348 665 45 91
292 1162 40 81
2598 2522 47 95
2343 1247 37 75
884 949 2 5
1748 2449 26 53
3806 3484 7 15
3816 3053 17 35
1954 2804 31 63
2456 3817 64 129
2472 3661 54 109
2605 2581 48 97
818 3808 79 159
3049 820 62 125
543 2591 50 101
3065 2590 66 133
1443 2643 35 71
1050 2008 33 67
2603 786 53 107
2414 1761 23 47
3740 3934 5 11
3907 1945 57 115
3590 809 85 171
1077 842 52 105
3289 1190 46 93
164 2712 54 109